 0  39  13  39  7  36  13  35  26  20  18  31  6  18  13 
 7  13  5  13  19  24  12  7  14  5  30  27  12  6  18 
 12  22  5  29  6  22  11  23  20  14  17  5  13  21  6 
 18  11  20  8  12  23  32  6  12  7  12  25  36  15  17 
 20  5  36  15  36  7  38  12  37  8  35  20  30  6  18 
 15  7  12  5  11  20  25  11  7  13  6  31  25  13  7 
 18  32  6  30  6  20  12  25  18  13  19  6  12  25  19 
 13  19  7  11  26  30  5  12  8  14  23  18  13  7  14 
 16  19  6  36  14  20  19  6  37  14  34  8  19  18  18 
 33  6  17  13  7  13  6  12  18  25  13  7  12  6  30 
 26  12  7  18  13  20  6  29  7  20  11  24  21  12  23 
 13  22  22  12  21  8  10  24  20  13  5  11  7  13  26 
 17  12  6  15  18  18  5  38  32  18  7  37  13  37  7 
 17  19  50  6  19  14  6  12  5  13  20  35  7  13  7 
 29  26  14  7  17  11  21  7  28  7  20  13  23  19  13 
 20  37  5  20  11  19  8  11  44  12  5  13  8  12  24 
 18  14  6  30  20  6  35  14  21  17  6  39  12  35  8 
 19  17  20  32  5  17  14  7  14  17  18  26  12  6  12 
 6  32  37  7  19  12  19  6  31  7  30  25  19  12  19 
 5  14  20  5  18  12  28  10  25  21  11  5  12  7  13 
 42  13  6  16  16  19  5  38  13  19  19  7  36  13  36 
 7  19  19  19  30  6  32  6  13  6  12  20  23  19  14 
 35  27  13  6  17  13  21  34  7  21  12  23  19  14  18 
 5  12  21  6  18  11  21  7  12  24  19  12  6  13  6 
 12  25  19  12  6  14  17  21  5  50  19  18  6  39  12 
 36  8  18  17  20  31  5  19  14  7  12  6  11  19  26 
 17  13  7  31  24  13  7  31  19  7  30  6  19  38  30 
 19  6  13  19  24  13  20  6  11  26  19  11  6  12  7 
 14  24  17  13  7  15  35  5  70  20  42  14  35  7  19 
 19  18  32  6  18  13  6  13  6  13  18  25  12  7  19 
 29  27  12  6  19  12  27  35  21  35  20  13  17  19  21 
 6  28  21  8  11  43  13  6  11  7  12  26  17  12  7 
 15  17  19  5  37  15  17  19  6  38  12  38  24  18  21 
 30  5  19  15  6  12  5  12  20  25  11  6  13  7  30 
 26  13  7  18  11  20  7  35  21  12  24  18  13  20  6 
 12  19  6  19  12  19  7  38  17  12  6  12  8  13  41 
 14  7  14  15  20  6  36  14  20  18  6  38  48  7  20 
 17  19  33  5  17  14  6  14  6  11  19  25  13  6  12 
 6  31  26  12  6  19  13  19  6  30  7  20  11  24  20 
 12  18  6  13  26  17  34  7  35  20  12  5  11  7  40 
 16  12  7  15  17  18  6  38  13  18  19  7  37  13  36 
 7  18  19  19  31  5  20  13  6  12  6  12  21  23  12 
 6  14  7  29  26  14  6  17  12  21  7  28  6  21  13 
 22  20  13  24  12  20  6  19  31  19  25  18  12  6  13 
 44  18  13  6  14  17  20  6  35  14  20  17  46  12  35 
 8  18  18  19  32  5  18  14  7  18  31  26  11  6  19 
 32  24  13  6  20  11  26  31  6  19  12  25  19  12  18 
 6  14  19  5  19  12  20  18  25  20  11  5  12  8  13 
 25  16  20  16  16  18  6  37  13  39  7  36  13  35  26 
 20  18  31  6  18  13  7  13  5  13  19  24  12  7  14 
 5  30  27  12  6  18  12  22  5  29  6  22  11  23  20 
 14  17  5  13  21  6  18  11  20  8  12  23  32  6  12 
 7  12  25  36  15  17  20  5  36  15  36  7  38  12  37 
 8  35  20  30  6  18  15  7  12  5  11  20  25  11  7 
 13  6  31  25  13  7  18  32  6  30  6  20  12  25  18 
 13  19  6  12  25  19  13  19  7  11  26  30  5  12  8 
 14  23  18  13  7  14  16  19  6  36  14  20  19  6  37 
 14  34  8  19  18  18  33  6  17  13  7  13  6  12  18 
 25  13  7  12  6  30  26  12  7  18  13  20  6  29  7 
 20  11  24  21  12  23  13  22  22  12  21  8  10  24  20 
 13  5  11  7  13  26  17  12  6  15  18  18  5  38  32 
 18  7  37  13  37  7  17  19  50  6  19  14  6  12  5 
 13  20  35  7  13  7  29  26  14  7  17  11  21  7  28 
 7  20  13  23  19  13  20  37  5  20  11  19  8  11  44 
 12  5  13  8  12  24  18  14  6  30  20  6  35  14  21 
 17  6  39  12  35  8  19  17  20  32  5  17  14  7  14 
 17  18  26  12  6  12  6  32  37  7  19  12  19  6  31 
 7  30  25  19  12  19  5  14  20  5  18  12  28  10  25 
 21  11  5  12  7  13  42  13  6  16  16  19  5  38  13 
 19  19  7  36  13  36  7  19  19  19  30  6  32  6  13 
 6  12  20  23  19  14  35  27  13  6  17  13  21  34  7 
 21  12  23  19  14  18  5  12  21  6  18  11  21  7  12 
 24  19  12  6  13  6  12  25  19  12  6  14  17  21  5 
 50  19  18  6  39  12  36  8  18  17  20  31  5  19  14 
 7  12  6  11  19  26  17  13  7  31  24  13  7  31  19 
 7  30  6  19  38  30  19  6  13  19  24  13  20  6  11 
 26  19  11  6  12  7  14  24  17  13  7  15  35  5  70 
 20  42  14  35  7  19  19  18  32  6  18  13  6  13  6 
 13  18  25  12  7  19  29  27  12  6  19  12  27  35  21 
 35  20  13  17  19  21  6  28  21  8  11  43  13  6  11 
 7  12  26  17  12  7  15  17  19  5  37  15  17  19  6 
 38  12  38  24  18  21  30  5  19  15  6  12  5  12  20 
 25  11  6  13  7  30  26  13  7  18  11  20  7  35  21 
 12  24  18  13  20  6  12  19  6  19  12  19  7  38  17 
 12  6  12  8  13  41  14  7  14  15  20  6  36  14  20 
 18  6  38  48  7  20  17  19  33  5  17  14  6  14  6 
 11  19  25  13  6  12  6  31  26  12  6  19  13  19  6 
 30  7  20  11  24  20  12  18  6  13  26  17  34  7  35 
 20  12  5  11  7  40  16  12  7  15  17  18  6  38  13 
 18  19  7  37  13  36  7  18  19  19  31  5  20  13  6 
 12  6  12  21  23  12  6  14  7  29  26  14  6  17  12 
 21  7  28  6  21  13  22  20  13  24  12  20  6  19  31 
 19  25  18  12  6  13  44  18  13  6  14  17  20  6  35 
 14  20  17  46  12  35  8  18  18  19  32  5  18  14  7 
 18  31  26  11  6  19  32  24  13  6  20  11  26  31  6 
 19  12  25  19  12  18  6  14  19  5  19  12  20  18  25 
 20  11  5  12  8  13  25  16  20  16  16  18  6  37  13 
 39  7  36  13  35  26  20  18  31  6  18  13  7  13  5 
 13  19  24  12  7  14  5  30  27  12  6  18  12  22  5 
 29  6  22  11  23  20  14  17  5  13  21  6  18  11  20 
 8  12  23  32  6  12  7  12  25  36  15  17  20  5  36 
 15  36  7  38  12  37  8  35  20  30  6  18  15  7  12 
 5  11  20  25  11  7  13  6  31  25  13  7  18  32  6 
 30  6  20  12  25  18  13  19  6  12  25  19  13  19  7 
 11  26  30  5  12  8  14  23  18  13  7  14  16  19  6 
 36  14  20  19  6  37  14  34  8  19  18  18  33  6  17 
 13  7  13  6  12  18  25  13  7  12  6  30  26  12  7 
 18  13  20  6  29  7  20  11  24  21  12  23  13  22  22 
 12  21  8  10  24  20  13  5  11  7  13  26  17  12  6 
 15  18  18  5  38  32  18  7  37  13  37  7  17  19  50 
 6  19  14  6  12  5  13  20  35  7  13  7  29  26  14 
 7  17  11  21  7  28  7  20  13  23  19  13  20  37  5 
 20  11  19  8  11  44  12  5  13  8  12  24  18  14  6 
 30  20  6  35  14  21  17  6  39  12  35  8  19  17  20 
 32  5  17  14  7  14  17  18  26  12  6  12  6  32  37 
 7  19  12  19  6  31  7  30  25  19  12  19  5  14  20 
 5  18  12  28  10  25  21  11  5  12  7  13  42  13  6 
 16  16  19  5  38  13  19  19  7  36  13  36  7  19  19 
 19  30  6  32  6  13  6  12  20  23  19  14  35  27  13 
 6  17  13  21  34  7  21  12  23  19  14  18  5  12  21 
 6  18  11  21  7  12  24  19  12  6  13  6  12  25  19 
 12  6  14  17  21  5  50  19  18  6  39  12  36  8  18 
 17  20  31  5  19  14  7  12  6  11  19  26  17  13  7 
 31  24  13  7  31  19  7  30  6  19  38  30  19  6  13 
 19  24  13  20  6  11  26  19  11  6  12  7  14  24  17 
 13  7  15  35  5  70  20  42  14  35  7  19  19  18  32 
 6  18  13  6  13  6  13  18  25  12  7  19  29  27  12 
 6  19  12  27  35  21  35  20  13  17  19  21  6  28  21 
 8  11  43  13  6  11  7  12  26  17  12  7  15  17  19 
 5  37  15  17  19  6  38  12  38  24  18  21  30  5  19 
 15  6  12  5  12  20  25  11  6  13  7  30  26  13  7 
 18  11  20  7  35  21  12  24  18  13  20  6  12  19  6 
 19  12  19  7  38  17  12  6  12  8  13  41  14  7  14 
 15  20  6  36  14  20  18  6  38  48  7  20  17  19  33 
 5  17  14  6  14  6  11  19  25  13  6  12  6  31  26 
 12  6  19  13  19  6  30  7  20  11  24  20  12  18  6 
 13  26  17  34  7  35  20  12  5  11  7  40  16  12  7 
 15  17  18  6  38  13  18  19  7  37  13  36  7  18  19 
 19  31  5  20  13  6  12  6  12  21  23  12  6  14  7 
 29  26  14  6  17  12  21  7  28  6  21  13  22  20  13 
 24  12  20  6  19  31  19  25  18  12  6  13  44  18  13 
 6  14  17  20  6  35  14  20  17  46  12  35  8  18  18 
 19  32  5  18  14  7  18  31  26  11  6  19  32  24  13 
 6  20  11  26  31  6  19  12  25  19  12  18  6  14  19 
 5  19  12  20  18  25  20  11  5  12  8  13  25  16  20 
 16  16  18  6  37  13  39  7  36  13  35  26  20  18  31 
 6  18  13  7  13  5  13  19  24  12  7  14  5  30  27 
 12  6  18  12  22  5  29  6  22  11  23  20  14  17  5 
 13  21  6  18  11  20  8  12  23  32  6  12  7  12  25 
 36  15  17  20  5  36  15  36  7  38  12  37  8  35  20 
 30  6  18  15  7  12  5  11  20  25  11  7  13  6  31 
 25  13  7  18  32  6  30  6  20  12  25  18  13  19  6 
 12  25  19  13  19  7  11  26  30  5  12  8  14  23  18 
 13  7  14  16  19  6  36  14  20  19  6  37  14  34  8 
 19  18  18  33  6  17  13  7  13  6  12  18  25  13  7 
 12  6  30  26  12  7  18  13  20  6  29  7  20  11  24 
 21  12  23  13  22  22  12  21  8  10  24  20  13  5  11 
 7  13  26  17  12  6  15  18  18  5  38  32  18  7  37 
 13  37  7  17  19  50  6  19  14  6  12  5  13  20  35 
 7  13  7  29  26  14  7  17  11  21  7  28  7  20  13 
 23  19  13  20  37  5  20  11  19  8  11  44  12  5  13 
 8  12  24  18  14  6  30  20  6  35  14  21  17  6  39 
 12  35  8  19  17  20  32  5  17  14  7  14  17  18  26 
 12  6  12  6  32  37  7  19  12  19  6  31  7  30  25 
 19  12  19  5  14  20  5  18  12  28  10  25  21  11  5 
 12  7  13  42  13  6  16  16  19  5  38  13  19  19  7 
 36  13  36  7  19  19  19  30  6  32  6  13  6  12  20 
 23  19  14  35  27  13  6  17  13  21  34  7  21  12  23 
 19  14  18  5  12  21  6  18  11  21  7  12  24  19  12 
 6  13  6  12  25  19  12  6  14  17  21  5  50  19  18 
 6  39  12  36  8  18  17  20  31  5  19  14  7  12  6 
 11  19  26  17  13  7  31  24  13  7  31  19  7  30  6 
 19  38  30  19  6  13  19  24  13  20  6  11  26  19  11 
 6  12  7  14  24  17  13  7  15  35  5  70  20  42  14 
 35  7  19  19  18  32  6  18  13  6  13  6  13  18  25 
 12  7  19  29  27  12  6  19  12  27  35  21  35  20  13 
 17  19  21  6  28  21  8  11  43  13  6  11  7  12  26 
 17  12  7  15  17  19  5  37  15  17  19  6  38  12  38 
 24  18  21  30  5  19  15  6  12  5  12  20  25  11  6 
 13  7  30  26  13  7  18  11  20  7  35  21  12  24  18 
 13  20  6  12  19  6  19  12  19  7  38  17  12  6  12 
 8  13  41  14  7  14  15  20  6  36  14  20  18  6  38 
 48  7  20  17  19  33  5  17  14  6  14  6  11  19  25 
 13  6  12  6  31  26  12  6  19  13  19  6  30  7  20 
 11  24  20  12  18  6  13  26  17  34  7  35  20  12  5 
 11  7  40  16  12  7  15  17  18  6  38  13  18  19  7 
 37  13  36  7  18  19  19  31  5  20  13  6  12  6  12 
 21  23  12  6  14  7  29  26  14  6  17  12  21  7  28 
 6  21  13  22  20  13  24  12  20  6  19  31  19  25  18 
 12  6  13  44  18  13  6  14  17  20  6  35  14  20  17 
 46  12  35  8  18  18  19  32  5  18  14  7  18  31  26 
 11  6  19  32  24  13  6  20  11  26  31  6  19  12  25 
 19  12  18  6  14  19  5  19  12  20  18  25  20  11  5 
 12  8  13  25  16  20  16  16  18  6  37  13  39  7  36 
 13  35  26  20  18  31  6  18  13  7  13  5  13  19  24 
 12  7  14  5  30  27  12  6  18  12  22  5  29  6  22 
 11  23  20  14  17  5  13  21  6  18  11  20  8  12  23 
 32  6  12  7  12  25  36  15  17  20  5  36  15  36  7 
 38  12  37  8  35  20  30  6  18  15  7  12  5  11  20 
 25  11  7  13  6  31  25  13  7  18  32  6  30  6  20 
 12  25  18  13  19  6  12  25  19  13  19  7  11  26  30 
 5  12  8  14  23  18  13  7  14  16  19  6  36  14  20 
 19  6  37  14  34  8  19  18  18  33  6  17  13  7  13 
 6  12  18  25  13  7  12  6  30  26  12  7  18  13  20 
 6  29  7  20  11  24  21  12  23  13  22  22  12  21  8 
 10  24  20  13  5  11  7  13  26  17  12  6  15  18  18 
 5  38  32  18  7  37  13  37  7  17  19  50  6  19  14 
 6  12  5  13  20  35  7  13  7  29  26  14  7  17  11 
 21  7  28  7  20  13  23  19  13  20  37  5  20  11  19 
 8  11  44  12  5  13  8  12  24  18  14  6  30  20  6 
 35  14  21  17  6  39  12  35  8  19  17  20  32  5  17 
 14  7  14  17  18  26  12  6  12  6  32  37  7  19  12 
 19  6  31  7  30  25  19  12  19  5  14  20  5  18  12 
 28  10  25  21  11  5  12  7  13  42  13  6  16  16  19 
 5  38  13  19  19  7  36  13  36  7  19  19  19  30  6 
 32  6  13  6  12  20  23  19  14  35  27  13  6  17  13 
 21  34  7  21  12  23  19  14  18  5  12  21  6  18  11 
 21  7  12  24  19  12  6  13  6  12  25  19  12  6  14 
 17  21  5  50  19  18  6  39  12  36  8  18  17  20  31 
 5  19  14  7  12  6  11  19  26  17  13  7  31  24  13 
 7  31  19  7  30  6  19  38  30  19  6  13  19  24  13 
 20  6  11  26  19  11  6  12  7  14  24  17  13  7  15 
 35  5  70  20  42  14  35  7  19  19  18  32  6  18  13 
 6  13  6  13  18  25  12  7  19  29  27  12  6  19  12 
 27  35  21  35  20  13  17  19  21  6  28  21  8  11  43 
 13  6  11  7  12  26  17  12  7  15  17  19  5  37  15 
 17  19  6  38  12  38  24  18  21  30  5  19  15  6  12 
 5  12  20  25  11  6  13  7  30  26  13  7  18  11  20 
 7  35  21  12  24  18  13  20  6  12  19  6  19  12  19 
 7  38  17  12  6  12  8  13  41  14  7  14  15  20  6 
 36  14  20  18  6  38  48  7  20  17  19  33  5  17  14 
 6  14  6  11  19  25  13  6  12  6  31  26  12  6  19 
 13  19  6  30  7  20  11  24  20  12  18  6  13  26  17 
 34  7  35  20  12  5  11  7  40  16  12  7  15  17  18 
 6  38  13  18  19  7  37  13  36  7  18  19  19  31  5 
 20  13  6  12  6  12  21  23  12  6  14  7  29  26  14 
 6  17  12  21  7  28  6  21  13  22  20  13  24  12  20 
 6  19  31  19  25  18  12  6  13  44  18  13  6  14  17 
 20  6  35  14  20  17  46  12  35  8  18  18  19  32  5 
 18  14  7  18  31  26  11  6  19  32  24  13  6  20  11 
 26  31  6  19  12  25  19  12  18  6  14  19  5  19  12 
 20  18  25  20  11  5  12  8  13  25  16  20  16  16  18 
 6  37  13  39  7  36  13  35  26  20  18  31  6  18  13 
 7  13  5  13  19  24  12  7  14  5  30  27  12  6  18 
 12  22  5  29  6  22  11  23  20  14  17  5  13  21  6 
 18  11  20  8  12  23  32  6  12  7  12  25  36  15  17 
 20  5  36  15  36  7  38  12  37  8  35  20  30  6  18 
 15  7  12  5  11  20  25  11  7  13  6  31  25  13  7 
 18  32  6  30  6  20  12  25  18  13  19  6  12  25  19 
 13  19  7  11  26  30  5  12  8  14  23  18  13  7  14 
 16  19  6  36  14  20  19  6  37  14  34  8  19  18  18 
 33  6  17  13  7  13  6  12  18  25  13  7  12  6  30 
 26  12  7  18  13  20  6  29  7  20  11  24  21  12  23 
 13  22  22  12  21  8  10  24  20  13  5  11  7  13  26 
 17  12  6  15  18  18  5  38  32  18  7  37  13  37  7 
 17  19  50  6  19  14  6  12  5  13  20  35  7  13  7 
 29  26  14  7  17  11  21  7  28  7  20  13  23  19  13 
 20  37  5  20  11  19  8  11  44  12  5  13  8  12  24 
 18  14  6  30  20  6  35  14  21  17  6  39  12  35  8 
 19  17  20  32  5  17  14  7  14  17  18  26  12  6  12 
 6  32  37  7  19  12  19  6  31  7  30  25  19  12  19 
 5  14  20  5  18  12  28  10  25  21  11  5  12  7  13 
 42  13  6  16  16  19  5  38  13  19  19  7  36  13  36 
 7  19  19  19  30  6  32  6  13  6  12  20  23  19  14 
 35  27  13  6  17  13  21  34  7  21  12  23  19  14  18 
 5  12  21  6  18  11  21  7  12  24  19  12  6  13  6 
 12  25  19  12  6  14  17  21  5  50  19  18  6  39  12 
 36  8  18  17  20  31  5  19  14  7  12  6  11  19  26 
 17  13  7  31  24  13  7  31  19  7  30  6  19  38  30 
 19  6  13  19  24  13  20  6  11  26  19  11  6  12  7 
 14  24  17  13  7  15  35  5  70  20  42  14  35  7  19 
 19  18  32  6  18  13  6  13  6  13  18  25  12  7  19 
 29  27  12  6  19  12  27  35  21  35  20  13  17  19  21 
 6  28  21  8  11  43  13  6  11  7  12  26  17  12  7 
 15  17  19  5  37  15  17  19  6  38  12  38  24  18  21 
 30  5  19  15  6  12  5  12  20  25  11  6  13  7  30 
 26  13  7  18  11  20  7  35  21  12  24  18  13  20  6 
 12  19  6  19  12  19  7  38  17  12  6  12  8  13  41 
 14  7  14  15  20  6  36  14  20  18  6  38  48  7  20 
 17  19  33  5  17  14  6  14  6  11  19  25  13  6  12 
 6  31  26  12  6  19  13  19  6  30  7  20  11  24  20 
 12  18  6  13  26  17  34  7  35  20  12  5  11  7  40 
 16  12  7  15  17  18  6  38  13  18  19  7  37  13  36 
 7  18  19  19  31  5  20  13  6  12  6  12  21  23  12 
 6  14  7  29  26  14  6  17  12  21  7  28  6  21  13 
 22  20  13  24  12  20  6  19  31  19  25  18  12  6  13 
 44  18  13  6  14  17  20  6  35  14  20  17  46  12  35 
 8  18  18  19  32  5  18  14  7  18  31  26  11  6  19 
 32  24  13  6  20  11  26  31  6  19  12  25  19  12  18 
 6  14  19  5  19  12  20  18  25  20  11  5  12  8  13 
 25  16  20  16  16  18  6  37  13  39  7  36  13  35  26 
 20  18  31  6  18  13  7  13  5  13  19  24  12  7  14 
 5  30  27  12  6  18  12  22  5  29  6  22  11  23  20 
 14  17  5  13  21  6  18  11  20  8  12  23  32  6  12 
 7  12  25  36  15  17  20  5  36  15  36  7  38  12  37 
 8  35  20  30  6  18  15  7  12  5  11  20  25  11  7 
 13  6  31  25  13  7  18  32  6  30  6  20  12  25  18 
 13  19  6  12  25  19  13  19  7  11  26  30  5  12  8 
 14  23  18  13  7  14  16  19  6  36  14  20  19  6  37 
 14  34  8  19  18  18  33  6  17  13  7  13  6  12  18 
 25  13  7  12  6  30  26  12  7  18  13  20  6  29  7 
 20  11  24  21  12  23  13  22  22  12  21  8  10  24  20 
 13  5  11  7  13  26  17  12  6  15  18  18  5  38  32 
 18  7  37  13  37  7  17  19  50  6  19  14  6  12  5 
 13  20  35  7  13  7  29  26  14  7  17  11  21  7  28 
 7  20  13  23  19  13  20  37  5  20  11  19  8  11  44 
 12  5  13  8  12  24  18  14  6  30  20  6  35  14  21 
 17  6  39  12  35  8  19  17  20  32  5  17  14  7  14 
 17  18  26  12  6  12  6  32  37  7  19  12  19  6  31 
 7  30  25  19  12  19  5  14  20  5  18  12  28  10  25 
 21  11  5  12  7  13  42  13  6  16  16  19  5  38  13 
 19  19  7  36  13  36  7  19  19  19  30  6  32  6  13 
 6  12  20  23  19  14  35  27  13  6  17  13  21  34  7 
 21  12  23  19  14  18  5  12  21  6  18  11  21  7  12 
 24  19  12  6  13  6  12  25  19  12  6  14  17  21  5 
 50  19  18  6  39  12  36  8  18  17  20  31  5  19  14 
 7  12  6  11  19  26  17  13  7  31  24  13  7  31  19 
 7  30  6  19  38  30  19  6  13  19  24  13  20  6  11 
 26  19  11  6  12  7  14  24  17  13  7  15  35  5  70 
 20  42  14  35  7  19  19  18  32  6  18  13  6  13  6 
 13  18  25  12  7  19  29  27  12  6  19  12  27  35  21 
 35  20  13  17  19  21  6  28  21  8  11  43  13  6  11 
 7  12  26  17  12  7  15  17  19  5  37  15  17  19  6 
 38  12  38  24  18  21  30  5  19  15  6  12  5  12  20 
 25  11  6  13  7  30  26  13  7  18  11  20  7  35  21 
 12  24  18  13  20  6  12  19  6  19  12  19  7  38  17 
 12  6  12  8  13  41  14  7  14  15  20  6  36  14  20 
 18  6  38  48  7  20  17  19  33  5  17  14  6  14  6 
 11  19  25  13  6  12  6  31  26  12  6  19  13  19  6 
 30  7  20  11  24  20  12  18  6  13  26  17  34  7  35 
 20  12  5  11  7  40  16  12  7  15  17  18  6  38  13 
 18  19  7  37  13  36  7  18  19  19  31  5  20  13  6 
 12  6  12  21  23  12  6  14  7  29  26  14  6  17  12 
 21  7  28  6  21  13  22  20  13  24  12  20  6  19  31 
 19  25  18  12  6  13  44  18  13  6  14  17  20  6  35 
 14  20  17  46  12  35  8  18  18  19  32  5  18  14  7 
 18  31  26  11  6  19  32  24  13  6  20  11  26  31  6 
 19  12  25  19  12  18  6  14  19  5  19  12  20  18  25 
 20  11  5  12  8  13  25  16  20  16  16  18  6  37  13 
 39  7  36  13  35  26  20  18  31  6  18  13  7  13  5 
 13  19  24  12  7  14  5  30  27  12  6  18  12  22  5 
 29  6  22  11  23  20  14  17  5  13  21  6  18  11  20 
 8  12  23  32  6  12  7  12  25  36  15  17  20  5  36 
 15  36  7  38  12  37  8  35  20  30  6  18  15  7  12 
 5  11  20  25  11  7  13  6  31  25  13  7  18  32  6 
 30  6  20  12  25  18  13  19  6  12  25  19  13  19  7 
 11  26  30  5  12  8  14  23  18  13  7  14  16  19  6 
 36  14  20  19  6  37  14  34  8  19  18  18  33  6  17 
 13  7  13  6  12  18  25  13  7  12  6  30  26  12  7 
 18  13  20  6  29  7  20  11  24  21  12  23  13  22  22 
 12  21  8  10  24  20  13  5  11  7  13  26  17  12  6 
 15  18  18  5  38  32  18  7  37  13  37  7  17  19  50 
 6  19  14  6  12  5  13  20  35  7  13  7  29  26  14 
 7  17  11  21  7  28  7  20  13  23  19  13  20  37  5 
 20  11  19  8  11  44  12  5  13  8  12  24  18  14  6 
 30  20  6  35  14  21  17  6  39  12  35  8  19  17  20 
 32  5  17  14  7  14  17  18  26  12  6  12  6  32  37 
 7  19  12  19  6  31  7  30  25  19  12  19  5  14  20 
 5  18  12  28  10  25  21  11  5  12  7  13  42  13  6 
 16  16  19  5  38  13  19  19  7  36  13  36  7  19  19 
 19  30  6  32  6  13  6  12  20  23  19  14  35  27  13 
 6  17  13  21  34  7  21  12  23  19  14  18  5  12  21 
 6  18  11  21  7  12  24  19  12  6  13  6  12  25  19 
 12  6  14  17  21  5  50  19  18  6  39  12  36  8  18 
 17  20  31  5  19  14  7  12  6  11  19  26  17  13  7 
 31  24  13  7  31  19  7  30  6  19  38  30  19  6  13 
 19  24  13  20  6  11  26  19  11  6  12  7  14  24  17 
 13  7  15  35  5  70  20  42  14  35  7  19  19  18  32 
 6  18  13  6  13  6  13  18  25  12  7  19  29  27  12 
 6  19  12  27  35  21  35  20  13  17  19  21  6  28  21 
 8  11  43  13  6  11  7  12  26  17  12  7  15  17  19 
 5  37  15  17  19  6  38  12  38  24  18  21  30  5  19 
 15  6  12  5  12  20  25  11  6  13  7  30  26  13  7 
 18  11  20  7  35  21  12  24  18  13  20  6  12  19  6 
 19  12  19  7  38  17  12  6  12  8  13  41  14  7  14 
 15  20  6  36  14  20  18  6  38  48  7  20  17  19  33 
 5  17  14  6  14  6  11  19  25  13  6  12  6  31  26 
 12  6  19  13  19  6  30  7  20  11  24  20  12  18  6 
 13  26  17  34  7  35  20  12  5  11  7  40  16  12  7 
 15  17  18  6  38  13  18  19  7  37  13  36  7  18  19 
 19  31  5  20  13  6  12  6  12  21  23  12  6  14  7 
 29  26  14  6  17  12  21  7  28  6  21  13  22  20  13 
 24  12  20  6  19  31  19  25  18  12  6  13  44  18  13 
 6  14  17  20  6  35  14  20  17  46  12  35  8  18  18 
 19  32  5  18  14  7  18  31  26  11  6  19  32  24  13 
 6  20  11  26  31  6  19  12  25  19  12  18  6  14  19 
 5  19  12  20  18  25  20  11  5  12  8  13  25  16  20 
 16  16  18  6  37  13  39  7  36  13  35  26  20  18  31 
 6  18  13  7  13  5  13  19  24  12  7  14  5  30  27 
 12  6  18  12  22  5  29  6  22  11  23  20  14  17  5 
 13  21  6  18  11  20  8  12  23  32  6  12  7  12  25 
 36  15  17  20  5  36  15  36  7  38  12  37  8  35  20 
 30  6  18  15  7  12  5  11  20  25  11  7  13  6  31 
 25  13  7  18  32  6  30  6  20  12  25  18  13  19  6 
 12  25  19  13  19  7  11  26  30  5  12  8  14  23  18 
 13  7  14  16  19  6  36  14  20  19  6  37  14  34  8 
 19  18  18  33  6  17  13  7  13  6  12  18  25  13  7 
 12  6  30  26  12  7  18  13  20  6  29  7  20  11  24 
 21  12  23  13  22  22  12  21  8  10  24  20  13  5  11 
 7  13  26  17  12  6  15  18  18  5  38  32  18  7  37 
 13  37  7  17  19  50  6  19  14  6  12  5  13  20  35 
 7  13  7  29  26  14  7  17  11  21  7  28  7  20  13 
 23  19  13  20  37  5  20  11  19  8  11  44  12  5  13 
 8  12  24  18  14  6  30  20  6  35  14  21  17  6  39 
 12  35  8  19  17  20  32  5  17  14  7  14  17  18  26 
 12  6  12  6  32  37  7  19  12  19  6  31  7  30  25 
 19  12  19  5  14  20  5  18  12  28  10  25  21  11  5 
 12  7  13  42  13  6  16  16  19  5  38  13  19  19  7 
 36  13  36  7  19  19  19  30  6  32  6  13  6  12  20 
 23  19  14  35  27  13  6  17  13  21  34  7  21  12  23 
 19  14  18  5  12  21  6  18  11  21  7  12  24  19  12 
 6  13  6  12  25  19  12  6  14  17  21  5  50  19  18 
 6  39  12  36  8  18  17  20  31  5  19  14  7  12  6 
 11  19  26  17  13  7  31  24  13  7  31  19  7  30  6 
 19  38  30  19  6  13  19  24  13  20  6  11  26  19  11 
 6  12  7  14  24  17  13  7  15  35  5  70  20  42  14 
 35  7  19  19  18  32  6  18  13  6  13  6  13  18  25 
 12  7  19  29  27  12  6  19  12  27  35  21  35  20  13 
 17  19  21  6  28  21  8  11  43  13  6  11  7  12  26 
 17  12  7  15  17  19  5  37  15  17  19  6  38  12  38 
 24  18  21  30  5  19  15  6  12  5  12  20  25  11  6 
 13  7  30  26  13  7  18  11  20  7  35  21  12  24  18 
 13  20  6  12  19  6  19  12  19  7  38  17  12  6  12 
 8  13  41  14  7  14  15  20  6  36  14  20  18  6  38 
 48  7  20  17  19  33  5  17  14  6  14  6  11  19  25 
 13  6  12  6  31  26  12  6  19  13  19  6  30  7  20 
 11  24  20  12  18  6  13  26  17  34  7  35  20  12  5 
 11  7  40  16  12  7  15  17  18  6  38  13  18  19  7 
 37  13  36  7  18  19  19  31  5  20  13  6  12  6  12 
 21  23  12  6  14  7  29  26  14  6  17  12  21  7  28 
 6  21  13  22  20  13  24  12  20  6  19  31  19  25  18 
 12  6  13  44  18  13  6  14  17  20  6  35  14  20  17 
 46  12  35  8  18  18  19  32  5  18  14  7  18  31  26 
 11  6  19  32  24  13  6  20  11  26  31  6  19  12  25 
 19  12  18  6  14  19  5  19  12  20  18  25  20  11  5 
 12  8  13  25  16  20  16  16  18  6  37  13  39  7  36 
 13  35  26  20  18  31  6  18  13  7  13  5  13  19  24 
 12  7  14  5  30  27  12  6  18  12  22  5  29  6  22 
 11  23  20  14  17  5  13  21  6  18  11  20  8  12  23 
 32  6  12  7  12  25  36  15  17  20  5  36  15  36  7 
 38  12  37  8  35  20  30  6  18  15  7  12  5  11  20 
 25  11  7  13  6  31  25  13  7  18  32  6  30  6  20 
 12  25  18  13  19  6  12  25  19  13  19  7  11  26  30 
 5  12  8  14  23  18  13  7  14  16  19  6  36  14  20 
 19  6  37  14  34  8  19  18  18  33  6  17  13  7  13 
 6  12  18  25  13  7  12  6  30  26  12  7  18  13  20 
 6  29  7  20  11  24  21  12  23  13  22  22  12  21  8 
 10  24  20  13  5  11  7  13  26  17  12  6  15  18  18 
 5  38  32  18  7  37  13  37  7  17  19  50  6  19  14 
 6  12  5  13  20  35  7  13  7  29  26  14  7  17  11 
 21  7  28  7  20  13  23  19  13  20  37  5  20  11  19 
 8  11  44  12  5  13  8  12  24  18  14  6  30  20  6 
 35  14  21  17  6  39  12  35  8  19  17  20  32  5  17 
 14  7  14  17  18  26  12  6  12  6  32  37  7  19  12 
 19  6  31  7  30  25  19  12  19  5  14  20  5  18  12 
 28  10  25  21  11  5  12  7  13  42  13  6  16  16  19 
 5  38  13  19  19  7  36  13  36  7  19  19  19  30  6 
 32  6  13  6  12  20  23  19  14  35  27  13  6  17  13 
 21  34  7  21  12  23  19  14  18  5  12  21  6  18  11 
 21  7  12  24  19  12  6  13  6  12  25  19  12  6  14 
 17  21  5  50  19  18  6  39  12  36  8  18  17  20  31 
 5  19  14  7  12  6  11  19  26  17  13  7  31  24  13 
 7  31  19  7  30  6  19  38  30  19  6  13  19  24  13 
 20  6  11  26  19  11  6  12  7  14  24  17  13  7  15 
 35  5  70  20  42  14  35  7  19  19  18  32  6  18  13 
 6  13  6  13  18  25  12  7  19  29  27  12  6  19  12 
 27  35  21  35  20  13  17  19  21  6  28  21  8  11  43 
 13  6  11  7  12  26  17  12  7  15  17  19  5  37  15 
 17  19  6  38  12  38  24  18  21  30  5  19  15  6  12 
 5  12  20  25  11  6  13  7  30  26  13  7  18  11  20 
 7  35  21  12  24  18  13  20  6  12  19  6  19  12  19 
 7  38  17  12  6  12  8  13  41  14  7  14  15  20  6 
 36  14  20  18  6  38  48  7  20  17  19  33  5  17  14 
 6  14  6  11  19  25  13  6  12  6  31  26  12  6  19 
 13  19  6  30  7  20  11  24  20  12  18  6  13  26  17 
 34  7  35  20  12  5  11  7  40  16  12  7  15  17  18 
 6  38  13  18  19  7  37  13  36  7  18  19  19  31  5 
 20  13  6  12  6  12  21  23  12  6  14  7  29  26  14 
 6  17  12  21  7  28  6  21  13  22  20  13  24  12  20 
 6  19  31  19  25  18  12  6  13  44  18  13  6  14  17 
 20  6  35  14  20  17  46  12  35  8  18  18  19  32  5 
 18  14  7  18  31  26  11  6  19  32  24  13  6  20  11 
 26  31  6  19  12  25  19  12  18  6  14  19  5  19  12 
 20  18  25  20  11  5  12  8  13  25  16  20  16  16  18 
 6  37  13  39  7  36  13  35  26  20  18  31  6  18  13 
 7  13  5  13  19  24  12  7  14  5  30  27  12  6  18 
 12  22  5  29  6  22  11  23  20  14  17  5  13  21  6 
 18  11  20  8  12  23  32  6  12  7  12  25  36  15  17 
 20  5  36  15  36  7  38  12  37  8  35  20  30  6  18 
 15  7  12  5  11  20  25  11  7  13  6  31  25  13  7 
 18  32  6  30  6  20  12  25  18  13  19  6  12  25  19 
 13  19  7  11  26  30  5  12  8  14  23  18  13  7  14 
 16  19  6  36  14  20  19  6  37  14  34  8  19  18  18 
 33  6  17  13  7  13  6  12  18  25  13  7  12  6  30 
 26  12  7  18  13  20  6  29  7  20  11  24  21  12  23 
 13  22  22  12  21  8  10  24  20  13  5  11  7  13  26 
 17  12  6  15  18  18  5  38  32  18  7  37  13  37  7 
 17  19  50  6  19  14  6  12  5  13  20  35  7  13  7 
 29  26  14  7  17  11  21  7  28  7  20  13  23  19  13 
 20  37  5  20  11  19  8  11  44  12  5  13  8  12  24 
 18  14  6  30  20  6  35  14  21  17  6  39  12  35  8 
 19  17  20  32  5  17  14  7  14  17  18  26  12  6  12 
 6  32  37  7  19  12  19  6  31  7  30  25  19  12  19 
 5  14  20  5  18  12  28  10  25  21  11  5  12  7  13 
 42  13  6  16  16  19  5  38  13  19  19  7  36  13  36 
 7  19  19  19  30  6  32  6  13  6  12  20  23  19  14 
 35  27  13  6  17  13  21  34  7  21  12  23  19  14  18 
 5  12  21  6  18  11  21  7  12  24  19  12  6  13  6 
 12  25  19  12  6  14  17  21  5  50  19  18  6  39  12 
 36  8  18  17  20  31  5  19  14  7  12  6  11  19  26 
 17  13  7  31  24  13  7  31  19  7  30  6  19  38  30 
 19  6  13  19  24  13  20  6  11  26  19  11  6  12  7 
 14  24  17  13  7  15  35  5  70  20  42  14  35  7  19 
 19  18  32  6  18  13  6  13  6  13  18  25  12  7  19 
 29  27  12  6  19  12  27  35  21  35  20  13  17  19  21 
 6  28  21  8  11  43  13  6  11  7  12  26  17  12  7 
 15  17  19  5  37  15  17  19  6  38  12  38  24  18  21 
 30  5  19  15  6  12  5  12  20  25  11  6  13  7  30 
 26  13  7  18  11  20  7  35  21  12  24  18  13  20  6 
 12  19  6  19  12  19  7  38  17  12  6  12  8  13  41 
 14  7  14  15  20  6  36  14  20  18  6  38  48  7  20 
 17  19  33  5  17  14  6  14  6  11  19  25  13  6  12 
 6  31  26  12  6  19  13  19  6  30  7  20  11  24  20 
 12  18  6  13  26  17  34  7  35  20  12  5  11  7  40 
 16  12  7  15  17  18  6  38  13  18  19  7  37  13  36 
 7  18  19  19  31  5  20  13  6  12  6  12  21  23  12 
 6  14  7  29  26  14  6  17  12  21  7  28  6  21  13 
 22  20  13  24  12  20  6  19  31  19  25  18  12  6  13 
 44  18  13  6  14  17  20  6  35  14  20  17  46  12  35 
 8  18  18  19  32  5  18  14  7  18  31  26  11  6  19 
 32  24  13  6  20  11  26  31  6  19  12  25  19  12  18 
 6  14  19  5  19  12  20  18  25  20  11  5  12  8  13 
 25  16  20  16  16  18  6  37  13  39  7  36  13  35  26 
 20  18  31  6  18  13  7  13  5  13  19  24  12  7  14 
 5  30  27  12  6  18  12  22  5  29  6  22  11  23  20 
 14  17  5  13  21  6  18  11  20  8  12  23  32  6  12 
 7  12  25  36  15  17  20  5  36  15  36  7  38  12  37 
 8  35  20  30  6  18  15  7  12  5  11  20  25  11  7 
 13  6  31  25  13  7  18  32  6  30  6  20  12  25  18 
 13  19  6  12  25  19  13  19  7  11  26  30  5  12  8 
 14  23  18  13  7  14  16  19  6  36  14  20  19  6  37 
 14  34  8  19  18  18  33  6  17  13  7  13  6  12  18 
 25  13  7  12  6  30  26  12  7  18  13  20  6  29  7 
 20  11  24  21  12  23  13  22  22  12  21  8  10  24  20 
 13  5  11  7  13  26  17  12  6  15  18  18  5  38  32 
 18  7  37  13  37  7  17  19  50  6  19  14  6  12  5 
 13  20  35  7  13  7  29  26  14  7  17  11  21  7  28 
 7  20  13  23  19  13  20  37  5  20  11  19  8  11  44 
 12  5  13  8  12  24  18  14  6  30  20  6  35  14  21 
 17  6  39  12  35  8  19  17  20  32  5  17  14  7  14 
 17  18  26  12  6  12  6  32  37  7  19  12  19  6  31 
 7  30  25  19  12  19  5  14  20  5  18  12  28  10  25 
 21  11  5  12  7  13  42  13  6  16  16  19  5  38  13 
 19  19  7  36  13  36  7  19  19  19  30  6  32  6  13 
 6  12  20  23  19  14  35  27  13  6  17  13  21  34  7 
 21  12  23  19  14  18  5  12  21  6  18  11  21  7  12 
 24  19  12  6  13  6  12  25  19  12  6  14  17  21  5 
 50  19  18  6  39  12  36  8  18  17  20  31  5  19  14 
 7  12  6  11  19  26  17  13  7  31  24  13  7  31  19 
 7  30  6  19  38  30  19  6  13  19  24  13  20  6  11 
 26  19  11  6  12  7  14  24  17  13  7  15  35  5  70 
 20  42  14  35  7  19  19  18  32  6  18  13  6  13  6 
 13  18  25  12  7  19  29  27  12  6  19  12  27  35  21 
 35  20  13  17  19  21  6  28  21  8  11  43  13  6  11 
 7  12  26  17  12  7  15  17  19  5  37  15  17  19  6 
 38  12  38  24  18  21  30  5  19  15  6  12  5  12  20 
 25  11  6  13  7  30  26  13  7  18  11  20  7  35  21 
 12  24  18  13  20  6  12  19  6  19  12  19  7  38  17 
 12  6  12  8  13  41  14  7  14  15  20  6  36  14  20 
 18  6  38  48  7  20  17  19  33  5  17  14  6  14  6 
 11  19  25  13  6  12  6  31  26  12  6  19  13  19  6 
 30  7  20  11  24  20  12  18  6  13  26  17  34  7  35 
 20  12  5  11  7  40  16  12  7  15  17  18  6  38  13 
 18  19  7  37  13  36  7  18  19  19  31  5  20  13  6 
 12  6  12  21  23  12  6  14  7  29  26  14  6  17  12 
 21  7  28  6  21  13  22  20  13  24  12  20  6  19  31 
 19  25  18  12  6  13  44  18  13  6  14  17  20  6  35 
 14  20  17  46  12  35  8  18  18  19  32  5  18  14  7 
 18  31  26  11  6  19  32  24  13  6  20  11  26  31  6 
 19  12  25  19  12  18  6  14  19  5  19  12  20  18  25 
 20  11  5  12  8  13  25  16  20  16  16  18  6  37  13 
 39  7  36  13  35  26  20  18  31  6  18  13  7  13  5 
 13  19  24  12  7  14  5  30  27  12  6  18  12  22  5 
 29  6  22  11  23  20  14  17  5  13  21  6  18  11  20 
 8  12  23  32  6  12  7  12  25  36  15  17  20  5  36 
 15  36  7  38  12  37  8  35  20  30  6  18  15  7  12 
 5  11  20  25  11  7  13  6  31  25  13  7  18  32  6 
 30  6  20  12  25  18  13  19  6  12  25  19  13  19  7 
 11  26  30  5  12  8  14  23  18  13  7  14  16  19  6 
 36  14  20  19  6  37  14  34  8  19  18  18  33  6  17 
 13  7  13  6  12  18  25  13  7  12  6  30  26  12  7 
 18  13  20  6  29  7  20  11  24  21  12  23  13  22  22 
 12  21  8  10  24  20  13  5  11  7  13  26  17  12  6 
 15  18  18  5  38  32  18  7  37  13  37  7  17  19  50 
 6  19  14  6  12  5  13  20  35  7  13  7  29  26  14 
 7  17  11  21  7  28  7  20  13  23  19  13  20  37  5 
 20  11  19  8  11  44  12  5  13  8  12  24  18  14  6 
 30  20  6  35  14  21  17  6  39  12  35  8  19  17  20 
 32  5  17  14  7  14  17  18  26  12  6  12  6  32  37 
 7  19  12  19  6  31  7  30  25  19  12  19  5  14  20 
 5  18  12  28  10  25  21  11  5  12  7  13  42  13  6 
 16  16  19  5  38  13  19  19  7  36  13  36  7  19  19 
 19  30  6  32  6  13  6  12  20  23  19  14  35  27  13 
 6  17  13  21  34  7  21  12  23  19  14  18  5  12  21 
 6  18  11  21  7  12  24  19  12  6  13  6  12  25  19 
 12  6  14  17  21  5  50  19  18  6  39  12  36  8  18 
 17  20  31  5  19  14  7  12  6  11  19  26  17  13  7 
 31  24  13  7  31  19  7  30  6  19  38  30  19  6  13 
 19  24  13  20  6  11  26  19  11  6  12  7  14  24  17 
 13  7  15  35  5  70  20  42  14  35  7  19  19  18  32 
 6  18  13  6  13  6  13  18  25  12  7  19  29  27  12 
 6  19  12  27  35  21  35  20  13  17  19  21  6  28  21 
 8  11  43  13  6  11  7  12  26  17  12  7  15  17  19 
 5  37  15  17  19  6  38  12  38  24  18  21  30  5  19 
 15  6  12  5  12  20  25  11  6  13  7  30  26  13  7 
 18  11  20  7  35  21  12  24  18  13  20  6  12  19  6 
 19  12  19  7  38  17  12  6  12  8  13  41  14  7  14 
 15  20  6  36  14  20  18  6  38  48  7  20  17  19  33 
 5  17  14  6  14  6  11  19  25  13  6  12  6  31  26 
 12  6  19  13  19  6  30  7  20  11  24  20  12  18  6 
 13  26  17  34  7  35  20  12  5  11  7  40  16  12  7 
 15  17  18  6  38  13  18  19  7  37  13  36  7  18  19 
 19  31  5  20  13  6  12  6  12  21  23  12  6  14  7 
 29  26  14  6  17  12  21  7  28  6  21  13  22  20  13 
 24  12  20  6  19  31  19  25  18  12  6  13  44  18  13 
 6  14  17  20  6  35  14  20  17  46  12  35  8  18  18 
 19  32  5  18  14  7  18  31  26  11  6  19  32  24  13 
 6  20  11  26  31  6  19  12  25  19  12  18  6  14  19 
 5  19  12  20  18  25  20  11  5  12  8  13  25  16  20 
 16  16  18  6  37  13  39  7  36  13  35  26  20  18  31 
 6  18  13  7  13  5  13  19  24  12  7  14  5  30  27 
 12  6  18  12  22  5  29  6  22  11  23  20  14  17  5 
 13  21  6  18  11  20  8  12  23  32  6  12  7  12  25 
 36  15  17  20  5  36  15  36  7  38  12  37  8  35  20 
 30  6  18  15  7  12  5  11  20  25  11  7  13  6  31 
 25  13  7  18  32  6  30  6  20  12  25  18  13  19  6 
 12  25  19  13  19  7  11  26  30  5  12  8  14  23  18 
 13  7  14  16  19  6  36  14  20  19  6  37  14  34  8 
 19  18  18  33  6  17  13  7  13  6  12  18  25  13  7 
 12  6  30  26  12  7  18  13  20  6  29  7  20  11  24 
 21  12  23  13  22  22  12  21  8  10  24  20  13  5  11 
 7  13  26  17  12  6  15  18  18  5  38  32  18  7  37 
 13  37  7  17  19  50  6  19  14  6  12  5  13  20  35 
 7  13  7  29  26  14  7  17  11  21  7  28  7  20  13 
 23  19  13  20  37  5  20  11  19  8  11  44  12  5  13 
 8  12  24  18  14  6  30  20  6  35  14  21  17  6  39 
 12  35  8  19  17  20  32  5  17  14  7  14  17  18  26 
 12  6  12  6  32  37  7  19  12  19  6  31  7  30  25 
 19  12  19  5  14  20  5  18  12  28  10  25  21  11  5 
 12  7  13  42  13  6  16  16  19  5  38  13  19  19  7 
 36  13  36  7  19  19  19  30  6  32  6  13  6  12  20 
 23  19  14  35  27  13  6  17  13  21  34  7  21  12  23 
 19  14  18  5  12  21  6  18  11  21  7  12  24  19  12 
 6  13  6  12  25  19  12  6  14  17  21  5  50  19  18 
 6  39  12  36  8  18  17  20  31  5  19  14  7  12  6 
 11  19  26  17  13  7  31  24  13  7  31  19  7  30  6 
 19  38  30  19  6  13  19  24  13  20  6  11  26  19  11 
 6  12  7  14  24  17  13  7  15  35  5  70  20  42  14 
 35  7  19  19  18  32  6  18  13  6  13  6  13  18  25 
 12  7  19  29  27  12  6  19  12  27  35  21  35  20  13 
 17  19  21  6  28  21  8  11  43  13  6  11  7  12  26 
 17  12  7  15  17  19  5  37  15  17  19  6  38  12  38 
 24  18  21  30  5  19  15  6  12  5  12  20  25  11  6 
 13  7  30  26  13  7  18  11  20  7  35  21  12  24  18 
 13  20  6  12  19  6  19  12  19  7  38  17  12  6  12 
 8  13  41  14  7  14  15  20  6  36  14  20  18  6  38 
 48  7  20  17  19  33  5  17  14  6  14  6  11  19  25 
 13  6  12  6  31  26  12  6  19  13  19  6  30  7  20 
 11  24  20  12  18  6  13  26  17  34  7  35  20  12  5 
 11  7  40  16  12  7  15  17  18  6  38  13  18  19  7 
 37  13  36  7  18  19  19  31  5  20  13  6  12  6  12 
 21  23  12  6  14  7  29  26  14  6  17  12  21  7  28 
 6  21  13  22  20  13  24  12  20  6  19  31  19  25  18 
 12  6  13  44  18  13  6  14  17  20  6  35  14  20  17 
 46  12  35  8  18  18  19  32  5  18  14  7  18  31  26 
 11  6  19  32  24  13  6  20  11  26  31  6  19  12  25 
 19  12  18  6  14  19  5  19  12  20  18  25  20  11  5 
 12  8  13  25  16  20  16  16  18  6  37  13  39  7  36 
 13  35  26  20  18  31  6  18  13  7  13  5  13  19  24 
 12  7  14  5  30  27  12  6  18  12  22  5  29  6  22 
 11  23  20  14  17  5  13  21  6  18  11  20  8  12  23 
 32  6  12  7  12  25  36  15  17  20  5  36  15  36  7 
 38  12  37  8  35  20  30  6  18  15  7  12  5  11  20 
 25  11  7  13  6  31  25  13  7  18  32  6  30  6  20 
 12  25  18  13  19  6  12  25  19  13  19  7  11  26  30 
 5  12  8  14  23  18  13  7  14  16  19  6  36  14  20 
 19  6  37  14  34  8  19  18  18  33  6  17  13  7  13 
 6  12  18  25  13  7  12  6  30  26  12  7  18  13  20 
 6  29  7  20  11  24  21  12  23  13  22  22  12  21  8 
 10  24  20  13  5  11  7  13  26  17  12  6  15  18  18 
 5  38  32  18  7  37  13  37  7  17  19  50  6  19  14 
 6  12  5  13  20  35  7  13  7  29  26  14  7  17  11 
 21  7  28  7  20  13  23  19  13  20  37  5  20  11  19 
 8  11  44  12  5  13  8  12  24  18  14  6  30  20  6 
 35  14  21  17  6  39  12  35  8  19  17  20  32  5  17 
 14  7  14  17  18  26  12  6  12  6  32  37  7  19  12 
 19  6  31  7  30  25  19  12  19  5  14  20  5  18  12 
 28  10  25  21  11  5  12  7  13  42  13  6  16  16  19 
 5  38  13  19  19  7  36  13  36  7  19  19  19  30  6 
 32  6  13  6  12  20  23  19  14  35  27  13  6  17  13 
 21  34  7  21  12  23  19  14  18  5  12  21  6  18  11 
 21  7  12  24  19  12  6  13  6  12  25  19  12  6  14 
 17  21  5  50  19  18  6  39  12  36  8  18  17  20  31 
 5  19  14  7  12  6  11  19  26  17  13  7  31  24  13 
 7  31  19  7  30  6  19  38  30  19  6  13  19  24  13 
 20  6  11  26  19  11  6  12  7  14  24  17  13  7  15 
 35  5  70  20  42  14  35  7  19  19  18  32  6  18  13 
 6  13  6  13  18  25  12  7  19  29  27  12  6  19  12 
 27  35  21  35  20  13  17  19  21  6  28  21  8  11  43 
 13  6  11  7  12  26  17  12  7  15  17  19  5  37  15 
 17  19  6  38  12  38  24  18  21  30  5  19  15  6  12 
 5  12  20  25  11  6  13  7  30  26  13  7  18  11  20 
 7  35  21  12  24  18  13  20  6  12  19  6  19  12  19 
 7  38  17  12  6  12  8  13  41  14  7  14  15  20  6 
 36  14  20  18  6  38  48  7  20  17  19  33  5  17  14 
 6  14  6  11  19  25  13  6  12  6  31  26  12  6  19 
 13  19  6  30  7  20  11  24  20  12  18  6  13  26  17 
 34  7  35  20  12  5  11  7  40  16  12  7  15  17  18 
 6  38  13  18  19  7  37  13  36  7  18  19  19  17 